0
0
0
0
0
0
0
0
0
0
0
0
0
0
0
0
0
0
0
0
0
0
0
0
0
0
0
0
0
0
0
0
0
0
0
0
0
0
0
0
0
0
0
0
0
0
0
0
0
0
0
0
0
0
0
0
0
0
0
0
0
0
0
0
1
0
0
0
0
0
0
0
0
0
0
0
0
0
0
0
0
0
0
0
0
0
0
0
0
0
0
0
0
0
0
0
0
0
0
0
0
0
0
0
0
0
0
0
0
0
0
0
0
0
0
0
0
0
0
0
0
0
0
0
0
0
0
0
1592
-1831
-549
-436
-1610
-577
1396
606
-640
473
1481
-1346
499
-787
-1447
-427
30
-1528
493
-1136
440
593
774
-1299
-1455
949
-752
1556
-1488
-906
-1209
536
-750
396
919
1523
-1143
401
834
1803
1211
-40
1419
-781
-115
-1035
-757
-1187
1640
284
2008
1440
-228
-454
-2024
-1558
-1698
-1083
-255
932
478
1774
-299
-939
1494
-1340
433
162
-1164
-104
-325
1009
1645
1772
1377
-1949
-643
1754
1823
739
-624
733
-1170
-1249
-1604
-1638
-219
1613
1077
1862
-1804
191
955
729
1811
1618
-1233
350
1974
-1060
1315
-459
-674
1224
-913
-1713
607
-181
-976
-831
956
1882
-649
-1416
636
-747
-117
22
1171
-518
-1944
-1207
-1428
-1640
1741
883
-761
-1427
1244
1671
-1622
426
-1265
-351
1030
445
-524
-1065
-597
1678
1736
650
-1384
1123
1761
332
1458
1678
81
834
1480
-513
817
988
994
-766
-425
1873
1646
359
-956
-1926
-1570
-1898
-1640
-2026
1855
-1572
287
948
842
-1365
817
781
-687
-448
511
408
1145
1677
-1337
-46
-1146
1801
-768
-1093
1949
-1182
1008
664
-745
-1057
