0
0
0
0
0
0
0
0
0
0
0
0
0
0
0
0
0
0
0
0
0
0
0
0
0
0
0
0
0
0
0
0
0
0
0
0
0
0
0
0
0
0
0
0
0
0
0
0
0
0
0
0
0
0
0
0
0
0
0
0
0
0
0
0
0
0
0
0
0
0
0
0
1
0
0
0
0
0
0
0
0
0
0
0
0
0
0
0
0
0
0
0
0
0
0
0
0
0
0
0
0
0
0
0
0
0
0
0
0
0
0
0
0
0
0
0
0
0
0
0
0
0
0
0
0
0
0
0
0
0
0
0
0
0
0
0
0
0
0
0
0
0
0
0
856
1178
-1786
521
1622
-303
1908
797
1123
-1579
-1719
1209
433
1636
498
-120
894
718
1870
-2008
-1455
-918
-1437
-1446
1700
1439
-327
-1613
880
1188
1434
227
-1436
-328
-433
-620
-1880
418
-1394
559
-1945
-1567
1797
-1893
-1187
-252
-1236
-1676
1300
-1741
-1750
-1541
113
-1253
-280
-1948
934
471
1017
-1563
1937
447
-668
81
1031
-1443
-30
1495
-1676
-492
-1167
-814
449
-1425
-41
1886
-434
-724
190
1751
-176
-56
-1544
1566
468
-201
139
-1309
-735
35
-1059
-1536
-492
-1750
935
338
-95
1026
732
1594
-1407
-859
1554
-1181
-1131
-1500
1174
-1511
117
-36
-376
-1036
1049
1887
-2019
-1962
-1411
870
-1456
1694
-1645
-1326
1021
-1606
1992
1976
-1126
1054
-794
541
-1667
1017
243
-2025
-840
-306
-451
-632
-1682
379
-93
1251
-370
-521
692
2009
710
-1293
-488
-1293
-904
-1313
59
-1612
-148
1938
-2007
-1564
1028
-431
753
1100
1911
-871
-1310
-217
721
-1670
866
830
1842
-1741
1060
-103
209
230
-1830
-1698
-1986
-180
1932
-646
337
1130
1840
72
531
-442
502
-883
-1773
730
-1189
1675
-1470
-1958
-1813
-1473
-1084
-955
-496
-973
178
-149
1871
911
1822
-1641
1990
399
-1984
-1495
-878
1695
1550
1136
