0
0
0
0
0
0
0
0
0
0
0
0
0
0
0
0
0
0
0
0
0
0
0
0
0
0
0
0
0
0
0
0
0
0
0
0
0
0
0
0
0
0
0
0
0
0
0
0
0
0
0
0
0
0
0
0
0
0
0
0
0
0
0
0
0
0
0
0
0
0
0
0
0
0
0
0
0
0
0
0
0
0
0
0
0
0
0
0
0
0
0
0
0
0
0
0
0
0
0
0
0
0
0
0
0
0
0
0
0
0
0
0
0
0
0
0
0
0
0
0
0
0
0
0
0
0
0
0
1
0
0
0
0
0
0
0
0
0
0
0
0
0
0
0
0
0
0
0
0
0
0
0
0
0
0
0
0
0
0
0
0
0
0
0
0
0
0
0
0
0
0
0
0
0
0
0
0
0
0
0
0
0
0
0
0
0
0
0
0
0
0
0
0
0
0
0
0
0
0
0
0
0
0
0
0
0
0
0
0
0
0
0
0
0
0
0
0
0
0
0
0
0
0
0
0
0
0
0
0
0
0
0
0
0
0
0
0
0
0
0
0
0
0
0
0
0
0
0
0
0
0
0
0
0
0
0
-1254
-1858
57
-1257
1861
-165
-1652
1556
567
-1233
-1903
1340
-1927
-1670
1755
2039
-669
-1921
1520
491
501
-1831
614
-1421
-1325
459
1666
502
1177
422
836
-997
2002
692
-1973
-414
685
738
-288
428
1451
-1855
760
753
-1474
834
1524
-1189
1675
-1296
590
674
29
-1239
-681
1931
181
77
1198
531
987
1160
-9
-1849
-1451
-1964
1246
1922
-1784
-641
-1196
-1857
1094
-1027
-1407
1095
1548
-386
-1089
1583
-501
558
122
-117
-795
-1849
441
-154
361
1659
1172
-480
1567
1556
-581
-169
2002
1258
1985
1847
-1454
1593
954
1773
6
420
-1478
-1589
-1420
-1137
-1096
128
-463
1871
718
-1388
-1191
-1289
-1874
-197
1241
-1298
1214
1615
-862
-1978
798
56
-1814
-2031
-1185
-2007
1918
-1042
-1880
1839
1846
-989
1775
-2016
1397
683
1513
1154
1451
-1104
-1587
-1746
935
-1012
1000
1648
-349
102
-1662
769
-1352
168
1671
-1201
-1909
680
-1323
1820
1995
-828
-749
-376
62
1416
1093
1331
1743
75
-1415
-450
90
-19
1587
1664
630
-1826
-447
-1198
1007
441
-999
-1031
546
-317
-1081
-1611
1727
1986
-506
-218
539
414
221
-1351
-1673
1395
-567
-1685
1623
1447
326
-184
1062
-302
-244
-1640
-971
1593
75
965
1344
462
-598
915
863
1686
1453
-1174
-127
417
-1622
-1568
-1472
-621
-149
1271
-763
-1267
1033
1251
-436
-735
1400
1654
468
-946
-1083
-89
1138
-1447
-1821
505
-950
-115
-406
1525
513
-250
-1124
-1787
1428
-1374
874
923
599
349
571
-1893
-1885
-1286
-608
-1893
-1624
703
1296
-1135
-1576
-1940
582
-1492
-1747
-1452
-1588
1312
-569
-556
-1881
-956
-766
1111
795
-1684
339
-1481
-1554
915
25
720
1911
-549
-1668
334
-939
938
1657
157
1153
-249
1321
1602
-1795
301
555
-1128
-1989
-480
-183
-149
-34
983
-1258
-356
-658
-1146
904
1496
245
-2011
1582
-1972
-889
-1925
-1026
1921
1571
1141
-975
-156
1602
-602
536
1767
-773
-1684
1101
-1704
368
-1977
269
1783
978
-1681
-1278
-981
-1756
1008
-964
1528
355
1796
388
-1995
-858
-1406
-83
-413
599
-541
1531
-1354
1637
-1977
1310
-1945
-1022
-361
-1821
-510
840
1537
-1068
-1298
1949
-1946
2030
21
1971
-335
