0
0
0
0
0
0
0
0
0
0
0
0
0
0
0
0
0
0
0
0
0
0
0
0
0
0
0
0
0
0
0
0
0
0
0
0
0
0
0
0
0
0
0
0
0
0
0
0
0
0
0
0
0
0
0
0
0
0
0
0
0
0
0
0
0
0
0
0
0
0
0
0
0
0
0
0
0
0
0
0
0
0
0
0
0
0
0
0
0
0
0
0
0
0
0
0
1
0
0
0
0
0
0
0
0
0
0
0
0
0
0
0
0
0
0
0
0
0
0
0
0
0
0
0
0
0
0
0
0
0
0
0
0
0
0
0
0
0
0
0
0
0
0
0
0
0
0
0
0
0
0
0
0
0
0
0
0
0
0
0
0
0
0
0
0
0
0
0
0
0
0
0
0
0
0
0
0
0
0
0
0
0
0
0
0
0
0
0
0
0
0
0
529
-620
-977
741
1137
50
-472
-1488
1174
1626
1830
-802
-1277
-1694
-1526
-1905
-2003
-1844
2040
-1005
-1072
922
1625
-352
1083
105
904
408
-1859
-1168
719
939
590
-1254
1157
-992
576
1577
3
-647
-104
243
-1472
-148
-1713
595
-556
-1628
-580
-840
1865
-1358
1508
949
-1178
200
-397
824
1144
-778
-82
-1379
-177
1230
-1632
-1140
226
-1423
-1432
-1384
634
-206
349
-428
-1208
-1523
-1149
-1876
-944
-1926
-1130
1518
1442
1554
665
-737
702
1502
-828
-560
1854
-245
585
-1830
1178
-471
844
765
1565
1008
-1270
641
-1780
-1288
1826
-1093
1024
1715
-647
833
633
-174
1332
133
-47
-2000
-567
-146
1922
183
563
1115
-18
-1380
1481
-1272
-1865
947
1095
-395
-554
-644
1830
-479
-650
251
1856
-1172
-26
-1482
884
332
1691
-967
723
-23
416
-948
899
-493
-1663
-1670
-395
-1299
-244
1110
-1122
910
-1548
625
606
-1605
-1067
-1860
-449
814
-621
123
-1715
892
672
-1192
702
-585
1853
1167
-1385
1705
-720
-267
-1626
-869
-742
-1503
-2036
1607
-1551
-1071
-998
1959
-57
1536
-170
-1776
1905
1573
2043
-1251
-707
1612
580
139
597
-566
-428
1626
-514
-883
-594
559
1636
519
-629
-264
-225
-258
-1423
157
1841
-1898
1290
-1893
-76
532
-2031
1789
-1806
-1285
975
1387
-968
-162
1187
-880
1561
302
1922
1860
1663
709
-1671
-1393
579
1201
1446
-578
-836
-1217
-1996
602
-262
-1244
-923
270
1582
-2
1972
1551
-1291
-1188
-871
-552
16
-193
1172
-1639
-1967
1055
655
-1543
-1725
-87
-854
1603
-1444
-131
1836
-405
-169
369
290
-288
-131
495
1769
1595
897
50
