0
0
0
0
0
0
0
0
0
0
0
0
0
0
0
0
0
0
0
0
0
0
0
0
0
0
0
0
0
0
0
0
0
0
0
0
0
0
0
0
0
0
0
0
0
0
0
0
0
0
0
0
0
0
0
0
0
0
0
0
0
0
0
0
1
0
0
0
0
0
0
0
0
0
0
0
0
0
0
0
0
0
0
0
0
0
0
0
0
0
0
0
0
0
0
0
0
0
0
0
0
0
0
0
0
0
0
0
0
0
0
0
0
0
0
0
0
0
0
0
0
0
0
0
0
0
0
0
1251
24
832
-318
1305
-1886
-1590
1639
-1081
900
2026
147
1684
-1633
1731
1639
1397
1570
1526
84
-1115
-1347
-1421
1202
1183
-1493
-948
-392
1025
1652
-204
1122
923
-1615
-777
851
359
-52
-255
2018
156
-456
1182
-1408
1174
835
-396
2023
641
-1508
-684
985
-108
-1432
570
1909
-871
-1388
-2037
-521
-639
765
1109
697
-1115
-723
-1032
492
1112
-389
635
-1380
-1434
1921
-192
-1006
-1817
697
735
716
17
1029
49
457
327
-1912
181
-1005
-275
-1358
-1440
2013
1594
-1755
1472
-1842
-655
101
1796
381
1951
-201
-1475
-687
-2000
-1095
-1087
896
-920
1088
-1928
513
-277
571
-164
-1072
-1448
1855
1377
263
776
1206
-130
207
1489
-667
867
-680
466
1405
1790
124
-499
407
-1826
1259
-1857
1893
2010
-1234
-493
-1113
1930
1011
1568
-1952
85
-1608
-342
-1031
1556
729
-906
-399
1645
702
-1624
-900
330
-797
715
466
-1784
1810
750
-1098
-486
315
93
799
-1497
228
-180
-1350
-1592
1086
1503
77
-1692
1433
1472
-1316
-1643
-1330
-1354
-186
-1506
-490
-1222
-1053
-201
-631
