Signal Legend:

Key        Signal Name

0        = ad_in
1        = dac_out_data
2        = fsk_dm:u_fsk_dm|mix
3        = fsk_dm:u_fsk_dm|fir2_mix

Data Table:

Signals-> 0    1     2    3   

sample

-128      1842 16338 -145 -46 
-127      1842 16338 -145 -46 
-126      1842 16338 -145 -46 
-125      1345 16338 -145 -46 
-124      1345 16338 78   -46 
-123      1345 16338 78   -46 
-122      1345 16338 78   -46 
-121      1266 16338 78   -46 
-120      1266 16338 135  -46 
-119      1266 16338 135  -46 
-118      1266 16338 135  -46 
-117      1653 16338 135  -46 
-116      1653 16338 -78  -46 
-115      1653 16338 -87  -46 
-114      1653 16338 -87  -46 
-113      2276 16338 -87  -46 
-112      2276 16338 -277 -46 
-111      2276 16338 -140 -46 
-110      2276 16338 -140 -46 
-109      2772 16338 -140 -46 
-108      2772 16338 -156 -46 
-107      2772 16338 89   -46 
-106      2772 16338 89   -46 
-105      2854 16338 88   -46 
-104      2854 16338 46   -46 
-103      2854 16338 148  -46 
-102      2854 16338 148  -46 
-101      2469 16338 -73  -46 
-100      2469 16338 -73  -46 
-99       2469 16338 -82  -46 
-98       2469 16338 -82  -46 
-97       1842 16338 -277 -46 
-96       1842 16338 -145 -46 
-95       1842 16338 -145 -46 
-94       1842 16338 -145 -46 
-93       1343 16338 -145 -46 
-92       1343 16338 78   -46 
-91       1343 16338 78   -46 
-90       1343 16338 78   -46 
-89       1266 16338 78   -46 
-88       1266 16338 135  -46 
-87       1266 16338 135  -46 
-86       1266 16338 135  -46 
-85       1650 16338 135  -46 
-84       1650 16338 -79  -46 
-83       1650 16338 -88  -46 
-82       1650 16338 -88  -46 
-81       2275 16338 -88  -46 
-80       2275 16338 -277 -46 
-79       2275 16338 -141 -46 
-78       2275 16338 -141 -46 
-77       2774 16338 -141 -46 
-76       2774 16338 -157 -46 
-75       2774 16338 89   -46 
-74       2774 16338 89   -46 
-73       2853 16338 88   -46 
-72       2853 16338 46   -46 
-71       2853 16338 149  -46 
-70       2853 16338 149  -46 
-69       2468 16338 -74  -46 
-68       2468 16338 -74  -46 
-67       2468 16338 -81  -46 
-66       2468 16338 -81  -46 
-65       1844 16338 -278 -46 
-64       1844 16338 -145 -46 
-63       1844 16338 -145 -46 
-62       1844 16338 -145 -46 
-61       1346 16338 -145 -46 
-60       1346 16338 77   -46 
-59       1346 16338 77   -46 
-58       1346 16338 77   -46 
-57       1266 16338 77   -46 
-56       1266 16338 136  -46 
-55       1266 16338 136  -46 
-54       1266 16338 136  -46 
-53       1651 16338 136  -47 
-52       1651 16337 -78  -47 
-51       1651 16337 -87  -47 
-50       1651 16337 -87  -47 
-49       2276 16337 -87  -47 
-48       2276 16337 -278 -47 
-47       2276 16337 -141 -47 
-46       2276 16337 -141 -47 
-45       2773 16337 -141 -47 
-44       2773 16337 -157 -47 
-43       2773 16337 89   -47 
-42       2773 16337 89   -47 
-41       2852 16337 88   -47 
-40       2852 16337 46   -47 
-39       2852 16337 148  -47 
-38       2852 16337 148  -47 
-37       2469 16337 -73  -47 
-36       2469 16337 -73  -47 
-35       2469 16337 -81  -47 
-34       2469 16337 -81  -47 
-33       1844 16337 -276 -47 
-32       1844 16337 -145 -47 
-31       1844 16337 -145 -47 
-30       1844 16337 -145 -47 
-29       1343 16337 -145 -47 
-28       1343 16337 77   -47 
-27       1343 16337 77   -47 
-26       1343 16337 77   -47 
-25       1267 16337 77   -47 
-24       1267 16337 136  -47 
-23       1267 16337 136  -47 
-22       1267 16337 136  -47 
-21       1654 16337 136  -47 
-20       1654 16337 -79  -47 
-19       1654 16337 -87  -47 
-18       1654 16337 -87  -47 
-17       2277 16337 -87  -47 
-16       2277 16337 -277 -47 
-15       2277 16337 -140 -47 
-14       2277 16337 -140 -47 
-13       2773 16337 -140 -47 
-12       2773 16337 -155 -47 
-11       2773 16337 89   -47 
-10       2773 16337 89   -47 
-9        2853 16337 89   -47 
-8        2853 16337 47   -47 
-7        2853 16337 149  -47 
-6        2853 16337 149  -47 
-5        2468 16337 -73  -47 
-4        2468 16337 -73  -47 
-3        2468 16337 -81  -47 
-2        2468 16337 -81  -47 
-1        1843 16337 -278 -47 
0         1843 16337 -145 -47 
1         1843 16337 -145 -47 
2         1843 16337 -145 -47 
3         1344 16337 -145 -47 
4         1344 16337 78   -47 
5         1344 16337 78   -47 
6         1344 16337 78   -47 
7         1266 16337 78   -47 
8         1266 16337 135  -47 
9         1266 16337 135  -47 
10        1266 16337 135  -47 
11        1653 16337 135  -47 
12        1653 16337 -79  -47 
13        1653 16337 -88  -47 
14        1653 16337 -88  -47 
15        2276 16337 -88  -47 
16        2276 16337 -277 -47 
17        2276 16337 -140 -47 
18        2276 16337 -140 -47 
19        2773 16337 -140 -47 
20        2773 16337 -156 -47 
21        2773 16337 89   -47 
22        2773 16337 89   -47 
23        2852 16337 88   -47 
24        2852 16337 46   -47 
25        2852 16337 148  -47 
26        2852 16337 148  -47 
27        2468 16337 -73  -47 
28        2468 16337 -73  -47 
29        2468 16337 -81  -47 
30        2468 16337 -81  -47 
31        1843 16337 -277 -47 
32        1843 16337 -145 -47 
33        1843 16337 -145 -47 
34        1843 16337 -145 -47 
35        1344 16337 -145 -47 
36        1344 16337 78   -47 
37        1344 16337 78   -47 
38        1344 16337 78   -47 
39        1265 16337 78   -47 
40        1265 16337 135  -47 
41        1265 16337 135  -47 
42        1265 16337 135  -47 
43        1651 16337 135  -47 
44        1651 16337 -79  -47 
45        1651 16337 -88  -47 
46        1651 16337 -88  -47 
47        2276 16337 -88  -47 
48        2276 16337 -278 -47 
49        2276 16337 -141 -47 
50        2276 16337 -141 -47 
51        2774 16337 -141 -47 
52        2774 16337 -156 -47 
53        2774 16337 89   -47 
54        2774 16337 89   -47 
55        2852 16337 88   -47 
56        2852 16337 46   -47 
57        2852 16337 148  -47 
58        2852 16337 148  -47 
59        2469 16337 -73  -47 
60        2469 16337 -73  -47 
61        2469 16337 -81  -47 
62        2469 16337 -81  -47 
63        1844 16337 -277 -47 
64        1844 16337 -145 -47 
65        1844 16337 -145 -47 
66        1844 16337 -145 -47 
67        1345 16337 -145 -47 
68        1345 16337 77   -47 
69        1345 16337 77   -47 
70        1345 16337 77   -46 
71        1267 16338 77   -46 
72        1267 16338 136  -46 
73        1267 16338 136  -46 
74        1267 16338 136  -46 
75        1650 16338 136  -46 
76        1650 16338 -79  -46 
77        1650 16338 -87  -46 
78        1650 16338 -87  -46 
79        1701 16338 -87  -46 
80        1701 16338 -277 -46 
81        1701 16338 -142 -46 
82        1701 16338 -142 -46 
83        1712 16338 -142 -46 
84        1712 16338 -157 -46 
85        1712 16338 -137 -46 
86        1712 16338 -137 -46 
87        1725 16338 -142 -46 
88        1725 16338 -72  -46 
89        1725 16338 -70  -46 
90        1725 16338 -70  -46 
91        1738 16338 33   -46 
92        1738 16338 33   -46 
93        1738 16338 32   -46 
94        1738 16338 32   -46 
95        1748 16338 110  -46 
96        1748 16338 106  -46 
97        1748 16338 106  -46 
98        1748 16338 106  -46 
99        1762 16338 106  -46 
100       1762 16338 114  -46 
101       1762 16338 114  -46 
102       1762 16338 114  -46 
103       1772 16338 114  -46 
104       1772 16338 55   -46 
105       1772 16338 55   -46 
106       1772 16338 55   -46 
107       1785 16338 55   -46 
108       1785 16338 48   -46 
109       1785 16338 46   -46 
110       1785 16338 46   -46 
111       1797 16338 46   -46 
112       1797 16338 45   -46 
113       1797 16338 43   -46 
114       1797 16338 43   -46 
115       1811 16338 43   -46 
116       1811 16338 41   -46 
117       1811 16338 39   -46 
118       1811 16338 39   -46 
119       1822 16338 39   -46 
120       1822 16338 37   -46 
121       1822 16338 35   -47 
122       1822 16337 35   -47 
123       1834 16337 34   -47 
124       1834 16337 34   -47 
125       1834 16337 33   -47 
126       1834 16337 33   -47 
127       1844 16337 31   -47 
128       1844 16337 29   -47 
129       1844 16337 29   -47 
130       1844 16337 29   -47 
131       1860 16337 29   -47 
132       1860 16337 27   -47 
133       1860 16337 27   -47 
134       1860 16337 27   -47 
135       1872 16337 27   -47 
136       1872 16337 24   -47 
137       1872 16337 24   -47 
138       1872 16337 24   -47 
139       1884 16337 24   -47 
140       1884 16337 23   -47 
141       1884 16337 21   -47 
142       1884 16337 21   -47 
143       1897 16337 21   -47 
144       1897 16337 20   -47 
145       1897 16337 18   -47 
146       1897 16337 18   -47 
147       1910 16337 18   -47 
148       1910 16337 18   -47 
149       1910 16337 16   -47 
150       1910 16337 16   -47 
151       1923 16337 17   -47 
152       1923 16337 15   -47 
153       1923 16337 14   -47 
154       1923 16337 14   -47 
155       1937 16337 13   -47 
156       1937 16337 13   -47 
157       1937 16337 12   -47 
158       1937 16337 12   -47 
159       1948 16337 11   -47 
160       1948 16337 10   -47 
161       1948 16337 10   -47 
162       1948 16337 10   -47 
163       1962 16337 10   -47 
164       1962 16337 8    -47 
165       1962 16337 8    -47 
166       1962 16337 8    -47 
167       1975 16337 8    -47 
168       1975 16337 6    -47 
169       1975 16337 6    -47 
170       1975 16337 6    -47 
171       1989 16337 6    -47 
172       1989 16337 6    -47 
173       1989 16337 5    -47 
174       1989 16337 5    -47 
175       2001 16337 5    -47 
176       2001 16337 4    -47 
177       2001 16337 3    -47 
178       2001 16337 3    -47 
179       2014 16337 3    -47 
180       2014 16337 3    -47 
181       2014 16337 2    -47 
182       2014 16337 2    -47 
183       2027 16337 2    -47 
184       2027 16337 2    -47 
185       2027 16337 1    -47 
186       2027 16337 1    -47 
187       2040 16337 1    -47 
188       2040 16337 1    -47 
189       2040 16337 1    -47 
190       2040 16337 1    -47 
191       2052 16337 0    -47 
192       2052 16337 0    -47 
193       2052 16337 0    -47 
194       2052 16337 0    -47 
195       2066 16337 0    -47 
196       2066 16337 -1   -47 
197       2066 16337 -1   -47 
198       2066 16337 -1   -47 
199       2078 16337 -1   -47 
200       2078 16337 -1   -47 
201       2078 16337 -1   -47 
202       2078 16337 -1   -47 
203       2092 16337 -1   -47 
204       2092 16337 -1   -47 
205       2092 16337 -1   -47 
206       2092 16337 -1   -47 
207       2103 16337 -1   -47 
208       2103 16337 -1   -47 
209       2103 16337 -1   -47 
210       2103 16337 -1   -47 
211       2117 16337 -1   -47 
212       2117 16337 -1   -47 
213       2117 16337 -1   -47 
214       2117 16337 -1   -47 
215       2130 16337 -1   -47 
216       2130 16337 -1   -47 
217       2130 16337 -1   -47 
218       2130 16337 -1   -47 
219       2143 16337 0    -47 
220       2143 16337 0    -47 
221       2143 16337 0    -47 
222       2143 16337 0    -47 
223       2156 16337 0    -47 
224       2156 16337 0    -47 
225       2156 16337 0    -47 
226       2156 16337 0    -47 
227       2169 16337 0    -47 
228       2169 16337 1    -47 
229       2169 16337 1    -47 
230       2169 16337 1    -47 
231       2182 16337 1    -47 
232       2182 16337 2    -47 
233       2182 16337 2    -47 
234       2182 16337 2    -47 
235       2195 16337 2    -47 
236       2195 16337 3    -47 
237       2195 16337 3    -47 
238       2195 16337 3    -47 
239       2207 16337 3    -47 
240       2207 16337 4    -47 
241       2207 16337 4    -47 
242       2207 16337 4    -47 
243       2220 16337 4    -47 
244       2220 16337 5    -47 
245       2220 16337 6    -47 
246       2220 16337 6    -47 
247       2234 16337 6    -47 
248       2234 16337 7    -47 
249       2234 16337 7    -47 
250       2234 16337 7    -47 
251       2246 16337 9    -47 
252       2246 16337 9    -47 
253       2246 16337 9    -47 
254       2246 16337 9    -46 
255       2258 16338 10   -46 
256       2258 16338 11   -46 
257       2258 16338 11   -46 
258       2258 16338 11   -46 
259       2271 16338 11   -46 
260       2271 16338 13   -46 
261       2271 16338 13   -46 
262       2271 16338 13   -46 
263       2282 16338 13   -46 
264       2282 16338 16   -46 
265       2282 16338 16   -46 
266       2282 16338 16   -46 
267       2296 16338 16   -46 
268       2296 16338 17   -46 
269       2296 16338 18   -46 
270       2296 16338 18   -46 
271       2307 16338 18   -46 
272       2307 16338 19   -46 
273       2307 16338 20   -46 
274       2307 16338 20   -46 
275       2321 16338 20   -46 
276       2321 16338 22   -46 
277       2321 16338 23   -46 
278       2321 16338 23   -46 
279       2333 16338 23   -46 
280       2333 16338 25   -46 
281       2333 16338 26   -46 
282       2333 16338 26   -46 
283       2344 16338 27   -46 
284       2344 16338 27   -46 
285       2344 16338 29   -46 
286       2344 16338 29   -46 
287       2356 16338 31   -46 
288       2356 16338 34   -46 
289       2356 16338 32   -46 
290       2356 16338 32   -46 
291       2370 16338 32   -46 
292       2370 16338 35   -46 
293       2370 16338 35   -46 
294       2370 16338 35   -46 
295       2380 16338 35   -46 
296       2380 16338 38   -46 
297       2380 16338 38   -46 
298       2380 16338 38   -46 
299       2392 16338 38   -46 
300       2392 16338 40   -46 
301       2392 16338 41   -46 
302       2392 16338 41   -46 
303       2405 16338 41   -46 
304       2405 16338 44   -46 
305       2405 16338 45   -46 
306       2405 16338 45   -46 
307       2417 16338 45   -46 
308       2417 16338 47   -46 
309       2417 16338 49   -46 
310       2417 16338 49   -46 
311       2429 16338 49   -46 
312       2429 16338 51   -46 
313       2429 16338 53   -46 
314       2429 16338 53   -46 
315       2440 16338 55   -46 
316       2440 16338 55   -46 
317       2440 16338 57   -46 
318       2440 16338 57   -46 
319       2451 16338 59   -46 
320       2451 16338 63   -46 
321       2451 16338 61   -46 
322       2451 16338 61   -46 
323       2462 16338 61   -46 
324       2462 16338 65   -46 
325       2462 16338 65   -46 
326       2462 16338 65   -45 
327       2474 16339 65   -45 
328       2474 16339 69   -45 
329       2474 16339 69   -45 
330       2474 16339 69   -45 
331       2486 16339 69   -45 
332       2486 16339 72   -45 
333       2486 16339 74   -45 
334       2486 16339 74   -45 
335       2496 16339 74   -45 
336       2496 16339 76   -46 
337       2496 16338 78   -46 
338       2496 16338 78   -46 
339       2509 16338 78   -46 
340       2509 16338 81   -46 
341       2509 16338 83   -46 
342       2509 16338 83   -46 
343       2518 16338 83   -46 
344       2518 16338 85   -46 
345       2518 16338 88   -46 
346       2518 16338 88   -46 
347       2529 16338 90   -46 
348       2529 16338 90   -46 
349       2529 16338 92   -46 
350       2529 16338 92   -46 
351       2539 16338 95   -46 
352       2539 16338 99   -46 
353       2539 16338 97   -46 
354       2539 16338 97   -46 
355       2550 16338 97   -46 
356       2550 16338 102  -46 
357       2550 16338 102  -46 
358       2550 16338 102  -46 
359       2561 16338 102  -46 
360       2561 16338 107  -46 
361       2561 16338 107  -46 
362       2561 16338 107  -46 
363       2572 16338 107  -46 
364       2572 16338 109  -46 
365       2572 16338 112  -46 
366       2572 16338 112  -46 
367       2581 16338 112  -46 
368       2581 16338 115  -46 
369       2581 16338 117  -46 
370       2581 16338 117  -46 
371       2591 16338 117  -46 
372       2591 16338 120  -46 
373       2591 16338 122  -46 
374       2591 16338 122  -46 
375       2600 16338 123  -46 
376       2600 16338 125  -46 
377       2600 16338 127  -46 
378       2600 16338 127  -46 
379       2611 16338 130  -46 
380       2611 16338 130  -46 
381       2611 16338 132  -46 
382       2611 16338 132  -46 
383       2619 16338 135  -46 
384       2619 16338 138  -46 
385       2619 16338 138  -46 
386       2619 16338 138  -46 
387       2631 16338 138  -46 
388       2631 16338 143  -46 
389       2631 16338 143  -46 
390       2631 16338 143  -46 
391       2641 16338 143  -46 
392       2641 16338 149  -46 
393       2641 16338 149  -46 
394       2641 16338 149  -46 
395       2649 16338 149  -46 
396       2649 16338 151  -46 
397       2649 16338 154  -46 
398       2649 16338 154  -46 
399       2655 16338 154  -46 
400       2655 16338 157  -46 
401       2655 16338 159  -46 
402       2655 16338 159  -46 
403       2665 16338 159  -46 
404       2665 16338 161  -46 
405       2665 16338 163  -46 
406       2665 16338 163  -46 
407       2676 16338 162  -46 
408       2676 16338 166  -46 
409       2676 16338 169  -46 
410       2676 16338 169  -46 
411       2682 16338 172  -46 
412       2682 16338 172  -46 
413       2682 16338 175  -46 
414       2682 16338 175  -46 
415       2692 16338 178  -46 
416       2692 16338 180  -46 
417       2692 16338 180  -46 
418       2692 16338 180  -46 
419       2701 16338 180  -46 
420       2701 16338 186  -46 
421       2701 16338 186  -46 
422       2701 16338 186  -46 
423       2707 16338 186  -46 
424       2707 16338 191  -46 
425       2707 16338 191  -46 
426       2707 16338 191  -46 
427       2716 16338 191  -46 
428       2716 16338 193  -46 
429       2716 16338 195  -46 
430       2716 16338 195  -46 
431       2726 16338 195  -46 
432       2726 16338 198  -46 
433       2726 16338 201  -46 
434       2726 16338 201  -46 
435       2733 16338 201  -46 
436       2733 16338 204  -46 
437       2733 16338 207  -46 
438       2733 16338 207  -46 
439       2740 16338 203  -46 
440       2740 16338 209  -46 
441       2740 16338 212  -46 
442       2740 16338 212  -46 
443       2746 16338 215  -46 
444       2746 16338 215  -46 
445       2746 16338 217  -46 
446       2746 16338 217  -46 
447       2755 16338 220  -46 
448       2755 16338 222  -46 
449       2755 16338 222  -46 
450       2755 16338 222  -46 
451       2761 16338 222  -46 
452       2761 16338 227  -46 
453       2761 16338 227  -46 
454       2761 16338 227  -46 
455       2769 16338 227  -46 
456       2769 16338 232  -46 
457       2769 16338 232  -46 
458       2769 16338 232  -46 
459       2774 16338 232  -46 
460       2774 16338 236  -46 
461       2774 16338 238  -46 
462       2774 16338 238  -46 
463       2782 16338 238  -46 
464       2782 16338 241  -46 
465       2782 16338 242  -46 
466       2782 16338 242  -46 
467       2787 16338 242  -46 
468       2787 16338 245  -46 
469       2787 16338 248  -46 
470       2787 16338 248  -46 
471       2792 16338 248  -46 
472       2792 16338 250  -46 
473       2792 16338 251  -46 
474       2792 16338 251  -46 
475       2797 16338 255  -46 
476       2797 16338 255  -46 
477       2797 16338 256  -46 
478       2797 16338 256  -46 
479       2805 16338 259  -46 
480       2805 16338 260  -46 
481       2805 16338 260  -46 
482       2805 16338 260  -46 
483       2808 16338 260  -46 
484       2808 16338 266  -46 
485       2808 16338 266  -46 
486       2808 16338 266  -46 
487       2814 16338 266  -46 
488       2814 16338 269  -46 
489       2814 16338 269  -46 
490       2814 16338 269  -46 
491       2822 16338 269  -46 
492       2822 16338 272  -46 
493       2822 16338 274  -46 
494       2822 16338 274  -46 
495       2826 16338 274  -46 
496       2826 16338 276  -46 
497       2826 16338 279  -46 
498       2826 16338 279  -46 
499       2831 16338 279  -46 
500       2831 16338 281  -46 
501       2831 16338 282  -46 
502       2831 16338 282  -46 
503       2836 16338 282  -46 
504       2836 16338 284  -46 
505       2836 16338 286  -46 
506       2836 16338 286  -46 
507       2839 16338 289  -46 
508       2839 16338 289  -46 
509       2839 16338 291  -46 
510       2839 16338 291  -46 
511       2844 16338 292  -46 
512       2844 16338 293  -46 
513       2844 16338 293  -46 
514       2844 16338 293  -46 
515       2846 16338 293  -46 
516       2846 16338 297  -46 
517       2846 16338 297  -46 
518       2846 16338 297  -46 
519       2851 16338 297  -46 
520       2851 16338 301  -46 
521       2851 16338 301  -46 
522       2851 16338 301  -46 
523       2855 16338 301  -46 
524       2855 16338 303  -46 
525       2855 16338 305  -46 
526       2855 16338 305  -46 
527       2859 16338 305  -46 
528       2859 16338 307  -46 
529       2859 16338 308  -46 
530       2859 16338 308  -46 
531       2863 16338 308  -46 
532       2863 16338 310  -46 
533       2863 16338 312  -46 
534       2863 16338 312  -46 
535       2866 16338 313  -46 
536       2866 16338 313  -46 
537       2866 16338 314  -46 
538       2866 16338 314  -46 
539       2867 16338 316  -46 
540       2867 16338 316  -46 
541       2867 16338 317  -46 
542       2867 16338 317  -46 
543       2871 16338 318  -46 
544       2871 16338 319  -46 
545       2871 16338 319  -46 
546       2871 16338 319  -46 
547       2873 16338 319  -46 
548       2873 16338 322  -46 
549       2873 16338 322  -46 
550       2873 16338 322  -46 
551       2874 16338 322  -46 
552       2874 16338 325  -46 
553       2874 16338 325  -46 
554       2874 16338 325  -46 
555       2877 16338 325  -46 
556       2877 16338 326  -46 
557       2877 16338 327  -46 
558       2877 16338 327  -46 
559       2879 16338 327  -46 
560       2879 16338 328  -46 
561       2879 16338 329  -46 
562       2879 16338 329  -46 
563       2881 16338 329  -46 
564       2881 16338 331  -46 
565       2881 16338 331  -46 
566       2881 16338 331  -46 
567       2883 16338 330  -46 
568       2883 16338 332  -46 
569       2883 16338 333  -46 
570       2883 16338 333  -46 
571       2883 16338 334  -46 
572       2883 16338 334  -46 
573       2883 16338 335  -46 
574       2883 16338 335  -46 
575       2884 16338 336  -46 
576       2884 16338 336  -46 
577       2884 16338 336  -46 
578       2884 16338 336  -46 
579       2884 16338 336  -46 
580       2884 16338 337  -46 
581       2884 16338 337  -46 
582       2884 16338 337  -45 
583       2886 16339 337  -45 
584       2886 16339 338  -45 
585       2886 16339 338  -45 
586       2886 16339 338  -45 
587       2887 16339 338  -45 
588       2887 16339 339  -45 
589       2887 16339 340  -45 
590       2887 16339 340  -45 
591       2887 16339 340  -45 
592       2887 16339 340  -45 
593       2887 16339 341  -45 
594       2887 16339 341  -45 
595       2886 16339 341  -45 
596       2886 16339 342  -45 
597       2886 16339 342  -45 
598       2886 16339 342  -45 
599       2887 16339 342  -45 
600       2887 16339 342  -45 
601       2887 16339 341  -45 
602       2887 16339 341  -46 
603       2886 16338 342  -46 
604       2886 16338 342  -46 
605       2886 16338 342  -46 
606       2886 16338 342  -46 
607       2885 16338 342  -46 
608       2885 16338 342  -46 
609       2885 16338 342  -46 
610       2885 16338 342  -46 
611       2884 16338 342  -46 
612       2884 16338 342  -46 
613       2884 16338 342  -46 
614       2884 16338 342  -46 
615       2883 16338 342  -46 
616       2883 16338 342  -46 
617       2883 16338 342  -46 
618       2883 16338 342  -46 
619       2882 16338 342  -46 
620       2882 16338 342  -46 
621       2882 16338 342  -46 
622       2882 16338 342  -46 
623       2881 16338 342  -47 
624       2881 16337 341  -47 
625       2881 16337 341  -47 
626       2881 16337 341  -47 
627       2879 16337 341  -47 
628       2879 16337 341  -47 
629       2879 16337 341  -47 
630       2879 16337 341  -47 
631       2878 16337 340  -47 
632       2878 16337 340  -47 
633       2878 16337 340  -48 
634       2878 16336 340  -48 
635       2875 16336 339  -48 
636       2875 16336 339  -48 
637       2875 16336 339  -48 
638       2875 16336 339  -48 
639       2872 16336 338  -48 
640       2872 16336 337  -48 
641       2872 16336 337  -48 
642       2872 16336 337  -48 
643       2871 16336 337  -49 
644       2871 16335 335  -49 
645       2871 16335 335  -49 
646       2871 16335 335  -49 
647       2867 16335 335  -49 
648       2867 16335 335  -49 
649       2867 16335 335  -49 
650       2867 16335 335  -49 
651       2866 16335 335  -49 
652       2866 16335 334  -49 
653       2866 16335 333  -50 
654       2866 16335 333  -50 
655       2862 16334 333  -50 
656       2862 16334 332  -50 
657       2862 16334 331  -50 
658       2862 16334 331  -50 
659       2860 16334 331  -50 
660       2860 16334 331  -50 
661       2860 16334 329  -50 
662       2860 16334 329  -50 
663       2857 16334 328  -50 
664       2857 16334 328  -52 
665       2857 16332 327  -52 
666       2857 16332 327  -52 
667       2851 16332 326  -52 
668       2851 16332 326  -52 
669       2851 16332 325  -52 
670       2851 16332 325  -52 
671       2850 16332 325  -52 
672       2850 16332 322  -52 
673       2850 16332 322  -52 
674       2850 16332 322  -54 
675       2844 16330 322  -54 
676       2844 16330 320  -54 
677       2844 16330 320  -54 
678       2844 16330 320  -54 
679       2839 16330 320  -54 
680       2839 16330 317  -54 
681       2839 16330 317  -54 
682       2839 16330 317  -54 
683       2835 16330 317  -54 
684       2835 16330 316  -55 
685       2835 16329 314  -55 
686       2835 16329 314  -55 
687       2832 16329 314  -55 
688       2832 16329 313  -55 
689       2832 16329 312  -55 
690       2832 16329 312  -55 
691       2827 16329 312  -55 
692       2827 16329 310  -55 
693       2827 16329 309  -55 
694       2827 16329 309  -56 
695       2822 16329 305  -56 
696       2822 16328 307  -56 
697       2822 16328 305  -56 
698       2822 16328 305  -56 
699       2816 16328 305  -56 
700       2816 16328 305  -56 
701       2816 16328 303  -56 
702       2816 16328 303  -56 
703       2813 16328 300  -56 
704       2813 16328 298  -56 
705       2813 16328 298  -56 
706       2813 16328 298  -56 
707       2806 16328 298  -56 
708       2806 16328 295  -56 
709       2806 16328 295  -56 
710       2806 16328 295  -56 
711       2799 16328 295  -56 
712       2799 16328 291  -56 
713       2799 16328 291  -56 
714       2799 16328 291  -56 
715       2794 16328 291  -56 
716       2794 16328 290  -56 
717       2794 16328 287  -56 
718       2794 16328 287  -56 
719       2788 16328 287  -56 
720       2788 16328 285  -56 
721       2788 16328 283  -56 
722       2788 16328 283  -56 
723       2782 16328 283  -56 
724       2782 16328 281  -56 
725       2782 16328 279  -54 
726       2782 16330 279  -54 
727       2775 16330 279  -54 
728       2775 16330 277  -54 
729       2775 16330 275  -54 
730       2775 16330 275  -54 
731       2768 16330 274  -54 
732       2768 16330 274  -54 
733       2768 16330 271  -54 
734       2768 16330 271  -54 
735       2763 16330 269  -50 
736       2763 16334 266  -50 
737       2763 16334 266  -50 
738       2763 16334 266  -50 
739       2755 16334 266  -50 
740       2755 16334 262  -50 
741       2755 16334 262  -50 
742       2755 16334 262  -50 
743       2748 16334 262  -50 
744       2748 16334 257  -50 
745       2748 16334 257  -50 
746       2748 16334 257  -45 
747       2740 16339 257  -45 
748       2740 16339 255  -45 
749       2740 16339 252  -45 
750       2740 16339 252  -45 
751       2733 16339 252  -45 
752       2733 16339 250  -45 
753       2733 16339 248  -45 
754       2733 16339 248  -45 
755       2724 16339 248  -45 
756       2724 16339 245  -39 
757       2724 16345 243  -39 
758       2724 16345 243  -39 
759       2719 16345 242  -39 
760       2719 16345 240  -39 
761       2719 16345 237  -39 
762       2719 16345 237  -39 
763       2710 16345 236  -39 
764       2710 16345 236  -39 
765       2710 16345 234  -39 
766       2710 16345 234  -32 
767       2701 16352 231  -32 
768       2701 16352 228  -32 
769       2701 16352 228  -32 
770       2701 16352 228  -32 
771       2694 16352 228  -32 
772       2694 16352 223  -32 
773       2694 16352 223  -32 
774       2694 16352 223  -32 
775       2686 16352 223  -32 
776       2686 16352 218  -23 
777       2686 16361 218  -23 
778       2686 16361 218  -23 
779       2675 16361 218  -23 
780       2675 16361 216  -23 
781       2675 16361 213  -23 
782       2675 16361 213  -23 
783       2667 16361 213  -23 
784       2667 16361 210  -23 
785       2667 16361 206  -23 
786       2667 16361 206  -23 
787       2659 16361 206  -14 
788       2659 16370 205  -14 
789       2659 16370 202  -14 
790       2659 16370 202  -14 
791       2648 16370 202  -14 
792       2648 16370 200  -14 
793       2648 16370 197  -14 
794       2648 16370 197  -14 
795       2642 16370 194  -14 
796       2642 16370 194  -14 
797       2642 16370 191  -4  
798       2642 16380 191  -4  
799       2632 16380 189  -4  
800       2632 16380 187  -4  
801       2632 16380 187  -4  
802       2632 16380 187  -4  
803       2619 16380 187  -4  
804       2619 16380 181  -4  
805       2619 16380 181  -4  
806       2619 16380 181  -4  
807       2611 16380 181  6   
808       2611 6     174  6   
809       2611 6     174  6   
810       2611 6     174  6   
811       2604 6     174  6   
812       2604 6     172  6   
813       2604 6     170  6   
814       2604 6     170  6   
815       2592 6     170  6   
816       2592 6     167  6   
817       2592 6     165  15  
818       2592 15    165  15  
819       2582 15    165  15  
820       2582 15    162  15  
821       2582 15    159  15  
822       2582 15    159  15  
823       2572 15    159  15  
824       2572 15    157  15  
825       2572 15    154  15  
826       2572 15    154  15  
827       2562 15    152  31  
828       2562 15    152  23  
829       2562 23    149  23  
830       2562 23    149  23  
831       2553 23    146  23  
832       2553 23    143  23  
833       2553 23    143  23  
834       2553 23    143  23  
835       2541 23    143  23  
836       2541 23    138  23  
837       2541 23    138  23  
838       2541 23    138  29  
839       2532 29    138  29  
840       2532 29    133  29  
841       2532 29    133  29  
842       2532 29    133  29  
843       2520 29    133  29  
844       2520 29    130  29  
845       2520 29    128  29  
846       2520 29    128  29  
847       2510 29    128  29  
848       2510 29    126  34  
849       2510 34    123  34  
850       2510 34    123  34  
851       2497 34    123  34  
852       2497 34    120  34  
853       2497 34    118  34  
854       2497 34    118  34  
855       2487 34    115  34  
856       2487 34    115  34  
857       2487 34    112  34  
858       2487 34    112  37  
859       2475 37    110  37  
860       2475 37    110  37  
861       2475 37    108  37  
862       2475 37    108  37  
863       2466 37    105  37  
864       2466 37    102  37  
865       2466 37    102  37  
866       2466 37    102  37  
867       2455 37    102  37  
868       2455 37    98   38  
869       2455 37    98   38  
870       2455 38    98   38  
871       2442 38    98   38  
872       2442 38    93   38  
873       2442 38    93   38  
874       2442 38    93   38  
875       2430 38    93   38  
876       2430 38    91   38  
877       2430 38    88   38  
878       2430 38    88   38  
879       2418 38    88   37  
880       2418 37    86   37  
881       2418 37    83   37  
882       2418 37    83   37  
883       2407 37    83   37  
884       2407 37    81   37  
885       2407 37    79   37  
886       2407 37    79   37  
887       2397 37    79   37  
888       2397 37    77   37  
889       2397 37    74   34  
890       2397 34    74   34  
891       2384 34    73   34  
892       2384 34    73   34  
893       2384 34    71   34  
894       2384 34    71   34  
895       2372 34    69   34  
